3 0.18990384615384615 0.44711538461538464 0.17307692307692307 0.125
3 0.8317307692307693 0.3389423076923077 0.10817307692307693 0.09134615384615384
1 0.26802884615384615 0.6802884615384616 0.14903846153846154 0.11057692307692307
1 0.7716346153846154 0.21754807692307693 0.11057692307692307 0.08653846153846154
1 0.6790865384615384 0.5733173076923077 0.11538461538461539 0.09134615384615384
1 0.828125 0.48197115384615385 0.10096153846153846 0.08653846153846154
1 0.5360576923076923 0.7716346153846154 0.1346153846153846 0.1201923076923077
2 0.49158653846153844 0.2644230769230769 0.11298076923076923 0.08653846153846154
1 0.5516826923076923 0.4483173076923077 0.1201923076923077 0.09375
0 0.6586538461538461 0.30649038461538464 0.09615384615384616 0.07692307692307693
0 0.8125 0.6430288461538461 0.08173076923076923 0.07211538461538461