0 0.3112980769230769 0.4567307692307692 0.0625 0.0673076923076923
0 0.5733173076923077 0.7367788461538461 0.0889423076923077 0.11057692307692307
3 0.5552884615384616 0.24759615384615385 0.08653846153846154 0.07692307692307693
3 0.23557692307692307 0.6322115384615384 0.11057692307692307 0.11538461538461539
1 0.3786057692307692 0.6790865384615384 0.11778846153846154 0.125
1 0.16346153846153846 0.5204326923076923 0.0985576923076923 0.09615384615384616
1 0.5384615384615384 0.5528846153846154 0.10096153846153846 0.11538461538461539
1 0.7560096153846154 0.49038461538461536 0.11057692307692307 0.11538461538461539
1 0.6935096153846154 0.3125 0.0889423076923077 0.08653846153846154
1 0.46634615384615385 0.41947115384615385 0.09375 0.08173076923076923
2 0.35697115384615385 0.3449519230769231 0.0673076923076923 0.0673076923076923