3 0.8100961538461539 0.5528846153846154 0.17307692307692307 0.125
3 0.16826923076923078 0.6610576923076923 0.10817307692307693 0.09134615384615384
1 0.7319711538461539 0.31971153846153844 0.14903846153846154 0.11057692307692307
1 0.2283653846153846 0.7824519230769231 0.11057692307692307 0.08653846153846154
1 0.32091346153846156 0.4266826923076923 0.11538461538461539 0.09134615384615384
1 0.171875 0.5180288461538461 0.10096153846153846 0.08653846153846154
1 0.4639423076923077 0.2283653846153846 0.1346153846153846 0.1201923076923077
2 0.5084134615384616 0.7355769230769231 0.11298076923076923 0.08653846153846154
1 0.4483173076923077 0.5516826923076923 0.1201923076923077 0.09375
0 0.34134615384615385 0.6935096153846154 0.09615384615384616 0.07692307692307693
0 0.1875 0.35697115384615385 0.08173076923076923 0.07211538461538461