3 0.5240384615384616 0.28725961538461536 0.13701923076923078 0.11538461538461539
3 0.828125 0.6502403846153846 0.09134615384615384 0.07692307692307693
0 0.7944711538461539 0.5240384615384616 0.07932692307692307 0.06490384615384616
0 0.5276442307692307 0.7884615384615384 0.07932692307692307 0.0673076923076923
2 0.7752403846153846 0.4074519230769231 0.07692307692307693 0.0673076923076923
1 0.7007211538461539 0.7127403846153846 0.0889423076923077 0.08173076923076923
1 0.9050480769230769 0.5600961538461539 0.08413461538461539 0.06971153846153846
1 0.5492788461538461 0.65625 0.10096153846153846 0.08413461538461539
1 0.6370192307692307 0.5120192307692307 0.11298076923076923 0.08653846153846154
1 0.3125 0.41947115384615385 0.14423076923076922 0.11057692307692307
1 0.28365384615384615 0.6574519230769231 0.1346153846153846 0.10096153846153846