0 0.6911057692307693 0.6237980769230769 0.07451923076923077 0.0625
0 0.265625 0.7560096153846154 0.10576923076923077 0.07211538461538461
3 0.5793269230769231 0.3004807692307692 0.13221153846153846 0.10576923076923077
3 0.6394230769230769 0.7716346153846154 0.09615384615384616 0.08653846153846154
1 0.4855769230769231 0.7680288461538461 0.125 0.09134615384615384
1 0.5492788461538461 0.5396634615384616 0.1201923076923077 0.09134615384615384
1 0.7740384615384616 0.7163461538461539 0.09615384615384616 0.07932692307692307
1 0.38341346153846156 0.6370192307692307 0.11778846153846154 0.09615384615384616
1 0.32572115384615385 0.3137019230769231 0.12740384615384615 0.10576923076923077
1 0.14903846153846154 0.5012019230769231 0.15384615384615385 0.11057692307692307
2 0.7331730769230769 0.5108173076923077 0.10096153846153846 0.07451923076923077