2 0.6634615384615384 0.5925480769230769 0.09615384615384616 0.07451923076923077
0 0.5336538461538461 0.6658653846153846 0.08653846153846154 0.06490384615384616
0 0.1045673076923077 0.5396634615384616 0.09615384615384616 0.07211538461538461
1 0.23677884615384615 0.30649038461538464 0.125 0.09134615384615384
1 0.49399038461538464 0.2620192307692308 0.10817307692307693 0.09134615384615384
3 0.6911057692307693 0.359375 0.1201923076923077 0.09134615384615384
3 0.3701923076923077 0.7644230769230769 0.1201923076923077 0.09615384615384616
1 0.5264423076923077 0.8028846153846154 0.10576923076923077 0.08173076923076923
1 0.48677884615384615 0.5204326923076923 0.11298076923076923 0.0889423076923077
1 0.28966346153846156 0.5096153846153846 0.1201923076923077 0.09134615384615384
1 0.24519230769230768 0.6646634615384616 0.1201923076923077 0.0889423076923077