2 0.203125 0.5036057692307693 0.0889423076923077 0.07451923076923077
0 0.22355769230769232 0.6274038461538461 0.07692307692307693 0.0625
0 0.5913461538461539 0.8401442307692307 0.09615384615384616 0.07211538461538461
1 0.7836538461538461 0.6286057692307693 0.1346153846153846 0.0985576923076923
1 0.6550480769230769 0.4026442307692308 0.15384615384615385 0.11057692307692307
1 0.38822115384615385 0.8004807692307693 0.09134615384615384 0.08173076923076923
1 0.5180288461538461 0.703125 0.11298076923076923 0.09134615384615384
1 0.3786057692307692 0.5733173076923077 0.11538461538461539 0.0889423076923077
1 0.12259615384615384 0.6911057692307693 0.0889423076923077 0.07932692307692307
3 0.4098557692307692 0.32572115384615385 0.13942307692307693 0.11298076923076923
3 0.23798076923076922 0.7704326923076923 0.09134615384615384 0.08413461538461539