0 0.23677884615384615 0.5649038461538461 0.06971153846153846 0.0889423076923077
0 0.5913461538461539 0.6766826923076923 0.07211538461538461 0.10096153846153846
3 0.4807692307692308 0.8245192307692307 0.09134615384615384 0.11538461538461539
3 0.6778846153846154 0.18629807692307693 0.11057692307692307 0.15865384615384615
2 0.6899038461538461 0.5576923076923077 0.07692307692307693 0.10096153846153846
1 0.6069711538461539 0.8581730769230769 0.08413461538461539 0.11298076923076923
1 0.36899038461538464 0.7115384615384616 0.08653846153846154 0.11057692307692307
1 0.36658653846153844 0.49278846153846156 0.10096153846153846 0.13221153846153846
1 0.5288461538461539 0.47475961538461536 0.09615384615384616 0.12259615384615384
1 0.2764423076923077 0.2091346153846154 0.10336538461538461 0.1346153846153846
1 0.4855769230769231 0.0733173076923077 0.10336538461538461 0.14182692307692307