3 0.7127403846153846 0.5240384615384616 0.11538461538461539 0.13701923076923078
3 0.34975961538461536 0.828125 0.07692307692307693 0.09134615384615384
0 0.47596153846153844 0.7944711538461539 0.06490384615384616 0.07932692307692307
0 0.21153846153846154 0.5276442307692307 0.0673076923076923 0.07932692307692307
2 0.5925480769230769 0.7752403846153846 0.0673076923076923 0.07692307692307693
1 0.28725961538461536 0.7007211538461539 0.08173076923076923 0.0889423076923077
1 0.43990384615384615 0.9050480769230769 0.06971153846153846 0.08413461538461539
1 0.34375 0.5492788461538461 0.08413461538461539 0.10096153846153846
1 0.4879807692307692 0.6370192307692307 0.08653846153846154 0.11298076923076923
1 0.5805288461538461 0.3125 0.11057692307692307 0.14423076923076922
1 0.3425480769230769 0.28365384615384615 0.10096153846153846 0.1346153846153846