3 0.28725961538461536 0.47596153846153844 0.11538461538461539 0.13701923076923078
3 0.6502403846153846 0.171875 0.07692307692307693 0.09134615384615384
0 0.5240384615384616 0.20552884615384615 0.06490384615384616 0.07932692307692307
0 0.7884615384615384 0.4723557692307692 0.0673076923076923 0.07932692307692307
2 0.4074519230769231 0.2247596153846154 0.0673076923076923 0.07692307692307693
1 0.7127403846153846 0.29927884615384615 0.08173076923076923 0.0889423076923077
1 0.5600961538461539 0.09495192307692307 0.06971153846153846 0.08413461538461539
1 0.65625 0.45072115384615385 0.08413461538461539 0.10096153846153846
1 0.5120192307692307 0.3629807692307692 0.08653846153846154 0.11298076923076923
1 0.41947115384615385 0.6875 0.11057692307692307 0.14423076923076922
1 0.6574519230769231 0.7163461538461539 0.10096153846153846 0.1346153846153846