1 0.6454326923076923 0.7247596153846154 0.12980769230769232 0.17307692307692307
1 0.6141826923076923 0.5432692307692307 0.12980769230769232 0.16346153846153846
1 0.6814903846153846 0.40865384615384615 0.12740384615384615 0.1658653846153846
1 0.4074519230769231 0.39783653846153844 0.1201923076923077 0.16105769230769232
3 0.8161057692307693 0.48197115384615385 0.13942307692307693 0.18028846153846154
3 0.65625 0.1814903846153846 0.14423076923076922 0.18269230769230768
2 0.34615384615384615 0.125 0.10576923076923077 0.14423076923076922
2 0.5348557692307693 0.24639423076923078 0.10576923076923077 0.14423076923076922
2 0.2536057692307692 0.33533653846153844 0.11057692307692307 0.1466346153846154
0 0.31850961538461536 0.47836538461538464 0.09134615384615384 0.125
0 0.4098557692307692 0.609375 0.09615384615384616 0.12740384615384615