0 0.3112980769230769 0.5432692307692307 0.0625 0.0673076923076923
0 0.5733173076923077 0.26322115384615385 0.0889423076923077 0.11057692307692307
3 0.5552884615384616 0.7524038461538461 0.0889423076923077 0.07692307692307693
3 0.23557692307692307 0.36778846153846156 0.11057692307692307 0.11538461538461539
1 0.3786057692307692 0.32091346153846156 0.11778846153846154 0.125
1 0.16346153846153846 0.4795673076923077 0.0985576923076923 0.09615384615384616
1 0.5384615384615384 0.44711538461538464 0.10096153846153846 0.11538461538461539
1 0.7560096153846154 0.5096153846153846 0.11057692307692307 0.11538461538461539
1 0.6935096153846154 0.6875 0.0889423076923077 0.08653846153846154
1 0.46634615384615385 0.5805288461538461 0.09375 0.08173076923076923
2 0.35697115384615385 0.6550480769230769 0.0673076923076923 0.0673076923076923