2 0.5925480769230769 0.33653846153846156 0.07451923076923077 0.09615384615384616
0 0.6658653846153846 0.46634615384615385 0.06490384615384616 0.08653846153846154
0 0.5396634615384616 0.8954326923076923 0.07211538461538461 0.09615384615384616
1 0.30649038461538464 0.7632211538461539 0.09134615384615384 0.125
1 0.2620192307692308 0.5060096153846154 0.09134615384615384 0.10817307692307693
3 0.359375 0.3088942307692308 0.09134615384615384 0.1201923076923077
3 0.7644230769230769 0.6298076923076923 0.09615384615384616 0.1201923076923077
1 0.8028846153846154 0.4735576923076923 0.08173076923076923 0.10576923076923077
1 0.5204326923076923 0.5132211538461539 0.0889423076923077 0.11298076923076923
1 0.5096153846153846 0.7103365384615384 0.09134615384615384 0.1201923076923077
1 0.6646634615384616 0.7548076923076923 0.0889423076923077 0.1201923076923077