1 0.6346153846153846 0.2800480769230769 0.11538461538461539 0.125
1 0.6959134615384616 0.5120192307692307 0.09134615384615384 0.10817307692307693
3 0.6165865384615384 0.6706730769230769 0.08653846153846154 0.0889423076923077
3 0.18870192307692307 0.4879807692307692 0.10336538461538461 0.11538461538461539
1 0.1935096153846154 0.6177884615384616 0.09134615384615384 0.08413461538461539
1 0.25600961538461536 0.3605769230769231 0.10096153846153846 0.11057692307692307
1 0.4254807692307692 0.36778846153846156 0.09134615384615384 0.11298076923076923
1 0.44350961538461536 0.5456730769230769 0.08173076923076923 0.08653846153846154
2 0.40024038461538464 0.6826923076923077 0.0673076923076923 0.0673076923076923
0 0.3173076923076923 0.5973557692307693 0.06971153846153846 0.0625
0 0.3545673076923077 0.19591346153846154 0.07932692307692307 0.10096153846153846