2 0.5913461538461539 0.6225961538461539 0.08173076923076923 0.0673076923076923
1 0.5144230769230769 0.5012019230769231 0.10096153846153846 0.10096153846153846
1 0.3485576923076923 0.7788461538461539 0.10817307692307693 0.0889423076923077
1 0.18269230769230768 0.5709134615384616 0.15384615384615385 0.10336538461538461
1 0.6959134615384616 0.2548076923076923 0.11298076923076923 0.09615384615384616
1 0.45552884615384615 0.17908653846153846 0.15384615384615385 0.125
1 0.34134615384615385 0.41225961538461536 0.12259615384615384 0.10336538461538461
0 0.125 0.3762019230769231 0.12740384615384615 0.09134615384615384
0 0.453125 0.6514423076923077 0.08653846153846154 0.06971153846153846
3 0.7668269230769231 0.41947115384615385 0.10576923076923077 0.09134615384615384
3 0.22956730769230768 0.7079326923076923 0.14423076923076922 0.11538461538461539