1 0.36538461538461536 0.2800480769230769 0.11538461538461539 0.125
1 0.30408653846153844 0.5120192307692307 0.09134615384615384 0.10817307692307693
3 0.38341346153846156 0.6706730769230769 0.08653846153846154 0.0889423076923077
3 0.8112980769230769 0.4879807692307692 0.10336538461538461 0.11538461538461539
1 0.8064903846153846 0.6177884615384616 0.09134615384615384 0.08413461538461539
1 0.7439903846153846 0.3605769230769231 0.10096153846153846 0.11057692307692307
1 0.5745192307692307 0.36778846153846156 0.09134615384615384 0.11298076923076923
1 0.5564903846153846 0.5456730769230769 0.08173076923076923 0.08653846153846154
2 0.5997596153846154 0.6826923076923077 0.0673076923076923 0.0673076923076923
0 0.6826923076923077 0.5973557692307693 0.06971153846153846 0.0625
0 0.6454326923076923 0.19591346153846154 0.07932692307692307 0.10096153846153846