2 0.4963942307692308 0.203125 0.07451923076923077 0.0889423076923077
0 0.37259615384615385 0.22355769230769232 0.06490384615384616 0.07692307692307693
0 0.15985576923076922 0.5913461538461539 0.07211538461538461 0.09375
1 0.3713942307692308 0.7836538461538461 0.0985576923076923 0.1346153846153846
1 0.5973557692307693 0.6550480769230769 0.11057692307692307 0.15384615384615385
1 0.19951923076923078 0.38822115384615385 0.08173076923076923 0.09134615384615384
1 0.296875 0.5180288461538461 0.09134615384615384 0.11298076923076923
1 0.4266826923076923 0.3786057692307692 0.0889423076923077 0.11538461538461539
1 0.3088942307692308 0.12259615384615384 0.07932692307692307 0.0889423076923077
3 0.6742788461538461 0.4098557692307692 0.11298076923076923 0.13942307692307693
3 0.22956730769230768 0.23798076923076922 0.08173076923076923 0.09134615384615384