0 0.3762019230769231 0.6911057692307693 0.0625 0.07451923076923077
0 0.2439903846153846 0.265625 0.07211538461538461 0.10576923076923077
3 0.6995192307692307 0.5793269230769231 0.10576923076923077 0.13221153846153846
3 0.2283653846153846 0.6394230769230769 0.08653846153846154 0.09615384615384616
1 0.23197115384615385 0.4855769230769231 0.09134615384615384 0.125
1 0.46033653846153844 0.5492788461538461 0.09134615384615384 0.1201923076923077
1 0.28365384615384615 0.7740384615384616 0.07692307692307693 0.09615384615384616
1 0.3629807692307692 0.38341346153846156 0.09615384615384616 0.11778846153846154
1 0.6862980769230769 0.32572115384615385 0.10576923076923077 0.12740384615384615
1 0.4987980769230769 0.14903846153846154 0.11057692307692307 0.15384615384615385
2 0.4891826923076923 0.7331730769230769 0.07451923076923077 0.10096153846153846