2 0.514648 0.432664 0.805721 0.0984623 0.125992
0 0.759277 0.75744 0.587963 0.118056 0.149471
2 0.824707 0.47247 0.69246 0.0863095 0.115741
0 0.905273 0.683656 0.471065 0.124752 0.158399
0 0.907227 0.523686 0.789848 0.094494 0.124008
0 0.90918 0.24318 0.600033 0.0915179 0.116733
0 0.912109 0.608011 0.320271 0.103423 0.125992
0 0.92334 0.344494 0.819279 0.0897817 0.116071
0 0.924316 0.553323 0.407573 0.0897817 0.108796
0 0.925781 0.474454 0.435185 0.0848214 0.11045
2 0.934082 0.286582 0.724537 0.0964782 0.127646
3 0.938965 0.376364 0.646164 0.117312 0.164021
2 0.943359 0.274678 0.484292 0.0974702 0.126653
1 0.944824 0.573661 0.527282 0.112103 0.148479
0 0.945312 0.553695 0.658069 0.0875496 0.111111
1 0.947266 0.376364 0.485946 0.109871 0.140542
1 0.94873 0.649306 0.631779 0.111607 0.151124
1 0.952148 0.470858 0.560185 0.112847 0.141534
1 0.954102 0.40687 0.346065 0.107887 0.142526
1 0.956055 0.505828 0.28869 0.116815 0.142196
1 0.961914 0.299727 0.356481 0.113839 0.142857
