2 0.649902 0.582589 0.296627 0.104663 0.142196
0 0.772949 0.230407 0.514054 0.0818452 0.108796
0 0.885254 0.659474 0.660218 0.0818452 0.108796
2 0.897461 0.302331 0.296462 0.0868056 0.120701
1 0.897949 0.732391 0.743221 0.0897817 0.118717
3 0.914551 0.586558 0.585152 0.108135 0.143849
0 0.918457 0.25744 0.743552 0.0828373 0.108796
1 0.925781 0.358755 0.717262 0.104415 0.134921
3 0.92627 0.166419 0.605985 0.114087 0.150463
0 0.92627 0.383433 0.271825 0.0793651 0.111772
0 0.926758 0.671627 0.420966 0.0917659 0.121032
0 0.927734 0.529142 0.736442 0.0820933 0.113095
1 0.931152 0.388021 0.410218 0.0855655 0.118717
1 0.932129 0.413442 0.59375 0.104663 0.133267
0 0.934082 0.573785 0.461144 0.0815972 0.104167
0 0.937012 0.46131 0.813327 0.0828373 0.111442
0 0.937988 0.808408 0.601025 0.0815972 0.109458
0 0.938477 0.765625 0.469411 0.0843254 0.11078
0 0.94043 0.318204 0.825562 0.0823413 0.108796
1 0.941406 0.452753 0.702877 0.0890377 0.116733
1 0.943359 0.476562 0.37004 0.103919 0.132275
1 0.943848 0.295635 0.435185 0.107143 0.134259
0 0.944336 0.495164 0.488426 0.0815972 0.103175
1 0.945312 0.21503 0.349537 0.104663 0.132275
1 0.947266 0.831473 0.725529 0.101935 0.135582
1 0.949707 0.690104 0.548446 0.106399 0.133267
