0 0.583984 0.488467 0.878307 0.101935 0.136243
0 0.740234 0.50434 0.463294 0.0855655 0.107143
3 0.879883 0.47185 0.584325 0.120784 0.154101
0 0.902344 0.210069 0.675265 0.0902778 0.115741
0 0.92627 0.318948 0.247189 0.0833333 0.108135
0 0.928223 0.407242 0.70205 0.0882936 0.117725
2 0.929199 0.191344 0.533565 0.0949901 0.123347
1 0.933594 0.668527 0.756944 0.112847 0.149471
2 0.933594 0.403522 0.245866 0.0922619 0.12004
0 0.934082 0.588046 0.678406 0.0863095 0.114087
3 0.935059 0.230159 0.405423 0.119048 0.152116
1 0.936523 0.501364 0.734623 0.110863 0.147817
0 0.9375 0.360615 0.610946 0.0863095 0.114087
0 0.942871 0.6813 0.484458 0.0873016 0.107804
1 0.947754 0.446925 0.355985 0.110119 0.135251
1 0.949219 0.668527 0.609623 0.116815 0.145833
1 0.950195 0.275174 0.591435 0.0949901 0.120701
1 0.951172 0.395709 0.474206 0.113343 0.13955
1 0.951172 0.336806 0.36078 0.111111 0.134921
1 0.960449 0.58941 0.510582 0.109375 0.138228
1 0.973145 0.610367 0.376488 0.112103 0.137235
