0 0.75293 0.227307 0.438492 0.0771329 0.101852
1 0.779785 0.868304 0.697586 0.0828373 0.114087
0 0.78125 0.665799 0.598876 0.0815972 0.107804
1 0.847168 0.444692 0.597388 0.077381 0.102183
0 0.906738 0.336558 0.599702 0.0808532 0.104167
0 0.911133 0.282366 0.36789 0.0791171 0.105489
0 0.914062 0.732515 0.524471 0.0811012 0.103175
0 0.921387 0.303075 0.767196 0.078869 0.103175
0 0.923828 0.762897 0.428406 0.0813492 0.104828
0 0.923828 0.275546 0.519015 0.0818452 0.104167
1 0.927734 0.391741 0.764054 0.101935 0.137897
2 0.929688 0.173239 0.335813 0.0875496 0.113426
0 0.930176 0.386161 0.524471 0.077381 0.10582
2 0.933105 0.527778 0.385417 0.0848214 0.112103
0 0.934082 0.570685 0.756779 0.0808532 0.108796
1 0.9375 0.504092 0.841931 0.100446 0.142196
1 0.937988 0.801587 0.599537 0.103175 0.134921
3 0.939941 0.495288 0.268022 0.108631 0.142526
1 0.94043 0.637897 0.349206 0.104167 0.132937
1 0.941406 0.255456 0.676587 0.0863095 0.113095
1 0.952148 0.450397 0.446594 0.0987103 0.131283
