1 0.52832 0.976314 0.0494378 0.0448909 0.0849868
1 0.767578 0.695685 0.328208 0.077381 0.0982143
2 0.780273 0.295139 0.673942 0.0749008 0.098545
0 0.820801 0.531994 0.544808 0.0753968 0.104167
0 0.894531 0.505456 0.247685 0.0749008 0.10119
0 0.911133 0.78869 0.634094 0.078869 0.094246
0 0.914551 0.688864 0.472884 0.077629 0.100529
1 0.92334 0.751364 0.408399 0.0855655 0.107143
1 0.924805 0.627728 0.5458 0.093254 0.123347
2 0.92627 0.442956 0.766204 0.0803571 0.113095
1 0.934082 0.763641 0.525794 0.0977183 0.124339
1 0.936035 0.699901 0.631779 0.0977183 0.128638
2 0.936523 0.631448 0.392692 0.078869 0.106812
1 0.938477 0.355531 0.770337 0.0920139 0.128638
2 0.938965 0.461682 0.330357 0.0761409 0.103836
2 0.940918 0.372644 0.657738 0.0761409 0.100529
0 0.941406 0.486483 0.428737 0.0761409 0.0982143
3 0.945801 0.37562 0.268188 0.109375 0.138228
2 0.946289 0.396453 0.39418 0.0801091 0.10582
3 0.946289 0.470486 0.649471 0.108135 0.132275
2 0.947754 0.514013 0.830688 0.0761409 0.102513
1 0.949219 0.446677 0.525298 0.0977183 0.124008
1 0.951172 0.266493 0.412202 0.0969742 0.127315
1 0.953613 0.349826 0.49504 0.094494 0.125661
1 0.957031 0.551959 0.341766 0.0959821 0.124669
