0 0.70752 0.671007 0.564153 0.077629 0.100529
0 0.76709 0.517237 0.268849 0.0746528 0.101852
2 0.815918 0.466766 0.368221 0.078869 0.108796
0 0.86377 0.531126 0.542989 0.078125 0.10582
2 0.868652 0.597842 0.704365 0.0766369 0.107804
2 0.88623 0.59995 0.596065 0.078869 0.106812
1 0.904297 0.441964 0.244048 0.0823413 0.111772
1 0.913086 0.797619 0.553406 0.077381 0.0968915
0 0.919922 0.476562 0.474041 0.0766369 0.104167
0 0.92041 0.225694 0.293981 0.0828373 0.10582
1 0.922363 0.753348 0.449239 0.100446 0.130622
0 0.927246 0.443948 0.702381 0.0808532 0.10582
1 0.933105 0.567584 0.373181 0.0984623 0.130622
3 0.936035 0.686632 0.683862 0.106399 0.142857
2 0.938477 0.343874 0.418651 0.0865575 0.106481
3 0.941895 0.231027 0.471065 0.112351 0.147817
2 0.945801 0.336062 0.53588 0.0892857 0.108796
1 0.946777 0.359995 0.298776 0.101935 0.131283
1 0.947266 0.646701 0.446098 0.0969742 0.127646
1 0.95166 0.438492 0.573413 0.10119 0.134259
1 0.953125 0.21937 0.653439 0.103423 0.134921
1 0.95459 0.351811 0.657573 0.101935 0.130622
1 0.955078 0.522817 0.768022 0.10119 0.135913
