1 0.798828 0.360987 0.636905 0.107391 0.149471
0 0.810547 0.289062 0.729993 0.0959821 0.133929
0 0.922852 0.379836 0.412533 0.0820933 0.106151
0 0.923828 0.31126 0.366071 0.0853175 0.11045
0 0.923828 0.635913 0.428737 0.0972222 0.122685
2 0.926758 0.310516 0.253803 0.09375 0.118056
3 0.928223 0.603175 0.67295 0.121528 0.168651
0 0.931152 0.426959 0.5 0.0840774 0.108466
0 0.933594 0.443328 0.696098 0.0855655 0.124339
3 0.938477 0.466394 0.362765 0.108879 0.151455
1 0.941406 0.572049 0.334491 0.105903 0.136574
0 0.944824 0.710689 0.766865 0.093502 0.125
0 0.945801 0.276538 0.583333 0.0863095 0.115079
1 0.946777 0.312252 0.477844 0.094246 0.117063
1 0.947266 0.664683 0.551587 0.112103 0.146825
0 0.950195 0.733755 0.467758 0.0925099 0.118717
1 0.951172 0.538318 0.484954 0.107391 0.139881
