3 0.532227 0.56994 0.470569 0.0699405 0.117063
2 0.588379 0.622644 0.539352 0.061756 0.0853175
2 0.673828 0.705853 0.645833 0.0719246 0.0952381
1 0.77002 0.552703 0.37037 0.0706845 0.0820106
1 0.779785 0.536706 0.287037 0.0694444 0.0859788
2 0.783203 0.493924 0.48297 0.0637401 0.0896164
0 0.828613 0.731027 0.555721 0.0691964 0.0922619
0 0.90332 0.27381 0.426257 0.0669643 0.0906085
0 0.910645 0.420511 0.618221 0.0672123 0.0876323
1 0.915527 0.491195 0.395337 0.0582837 0.0856481
2 0.917969 0.271453 0.512731 0.0652282 0.0869709
0 0.918457 0.37748 0.676753 0.0664683 0.0869709
0 0.925293 0.405506 0.16369 0.0699405 0.0886243
1 0.926758 0.359003 0.558862 0.0667163 0.0972222
2 0.928223 0.337302 0.840608 0.0649802 0.0886243
2 0.931152 0.293155 0.773479 0.0714286 0.0958995
1 0.932129 0.677207 0.465112 0.0791171 0.113426
1 0.936035 0.426339 0.513558 0.0768849 0.107143
3 0.940918 0.414807 0.402282 0.0875496 0.11541
1 0.942871 0.486111 0.586971 0.0768849 0.109788
1 0.945801 0.309276 0.633929 0.0833333 0.11045
0 0.945801 0.286706 0.309193 0.0684524 0.0873016
1 0.949707 0.62252 0.301587 0.0828373 0.108466
1 0.952148 0.202381 0.555721 0.0843254 0.111442
1 0.952637 0.204365 0.305721 0.0853175 0.113426
2 0.953125 0.395089 0.760913 0.0714286 0.0906085
1 0.953613 0.359747 0.274802 0.0855655 0.112434
2 0.953613 0.450397 0.702546 0.0679564 0.0968915
1 0.956055 0.220858 0.679398 0.0865575 0.112103
1 0.957031 0.525422 0.757275 0.0890377 0.12037
1 0.957031 0.423859 0.854497 0.0863095 0.113757
1 0.963867 0.342634 0.460152 0.0801091 0.104828
