3 0.582031 0.628844 0.793816 0.0910218 0.125992
2 0.644531 0.417163 0.556052 0.0694444 0.101521
0 0.752441 0.516245 0.389716 0.0652282 0.088955
1 0.823242 0.388889 0.472884 0.0664683 0.0886243
2 0.83252 0.539311 0.728671 0.0652282 0.094246
0 0.835938 0.475446 0.634425 0.0644841 0.0916005
2 0.881348 0.672495 0.573909 0.0801091 0.099537
0 0.904785 0.77381 0.535384 0.0679564 0.0978836
3 0.904785 0.642981 0.409722 0.0875496 0.119048
1 0.905273 0.551959 0.480985 0.0820933 0.109458
0 0.905273 0.452753 0.364087 0.0667163 0.0873016
2 0.911133 0.542783 0.627645 0.0741567 0.0958995
0 0.91748 0.453373 0.276951 0.0699405 0.0876323
0 0.929199 0.60057 0.229828 0.0652282 0.0899471
1 0.930664 0.624008 0.511739 0.0605159 0.0876323
1 0.93457 0.677951 0.294478 0.0840774 0.11541
1 0.938477 0.722718 0.460648 0.0873016 0.11045
1 0.938965 0.530878 0.289021 0.0840774 0.109127
2 0.938965 0.442956 0.719577 0.0749008 0.102513
1 0.94043 0.46565 0.463624 0.0850694 0.109788
2 0.941895 0.344618 0.535384 0.0677083 0.093254
2 0.942871 0.603919 0.685681 0.0714286 0.10086
2 0.944824 0.745288 0.622355 0.0734127 0.103175
1 0.945801 0.304936 0.715608 0.0900298 0.115741
1 0.947266 0.377976 0.65129 0.0858135 0.119378
1 0.95166 0.681796 0.686177 0.0873016 0.115741
1 0.958008 0.375496 0.370536 0.0858135 0.112765
1 0.959961 0.28621 0.603175 0.0887897 0.113095
1 0.962891 0.602183 0.317295 0.0664683 0.0882936
