1 0.569336 0.5031 0.543981 0.078125 0.0952381
0 0.739746 0.524802 0.407573 0.0739087 0.0982143
1 0.766602 0.608383 0.697421 0.0997024 0.13955
1 0.801758 0.519097 0.302579 0.0753968 0.10119
1 0.905273 0.775174 0.523479 0.105903 0.140212
0 0.908691 0.412698 0.28125 0.0749008 0.102183
1 0.90918 0.342386 0.510747 0.0999504 0.121362
0 0.911621 0.697669 0.415013 0.0803571 0.104497
0 0.918457 0.252976 0.706184 0.0798611 0.114087
0 0.919434 0.299603 0.317791 0.0768849 0.102513
0 0.925293 0.359871 0.623181 0.077877 0.104828
3 0.927734 0.453125 0.777943 0.112103 0.153108
0 0.932129 0.652902 0.493552 0.0766369 0.099537
0 0.934082 0.722718 0.683862 0.0927579 0.123016
0 0.934082 0.429688 0.657903 0.078125 0.104167
3 0.939941 0.36756 0.38211 0.103175 0.13459
2 0.941406 0.459325 0.36078 0.077381 0.101852
3 0.942871 0.62562 0.260747 0.107887 0.138558
0 0.946289 0.610367 0.578869 0.0768849 0.102183
1 0.948242 0.568576 0.491402 0.0801091 0.103175
1 0.94873 0.438864 0.474206 0.0949901 0.125
1 0.949219 0.608011 0.38922 0.0949901 0.121032
1 0.952637 0.515005 0.656746 0.0964782 0.127646
