2 0.62793 0.550223 0.513558 0.0672123 0.0978836
1 0.656738 0.673735 0.635086 0.0766369 0.101521
0 0.670898 0.72495 0.395337 0.0734127 0.106151
1 0.726074 0.708581 0.518188 0.0749008 0.0952381
1 0.741211 0.59685 0.836475 0.0999504 0.130622
0 0.743652 0.49256 0.271329 0.0719246 0.0922619
1 0.782715 0.410962 0.40377 0.0734127 0.0939153
2 0.864258 0.744544 0.678406 0.0758929 0.106812
0 0.896484 0.483631 0.365079 0.0719246 0.0958995
0 0.908691 0.41059 0.31002 0.0726686 0.094246
0 0.914062 0.484747 0.663525 0.0746528 0.0922619
3 0.915527 0.647321 0.435516 0.09375 0.125661
1 0.916016 0.350446 0.562996 0.0689484 0.0922619
0 0.921875 0.27691 0.390873 0.0751488 0.0952381
2 0.922852 0.408978 0.623181 0.077381 0.101521
1 0.930664 0.573413 0.254464 0.0922619 0.116071
2 0.933594 0.317584 0.646164 0.0731647 0.093254
2 0.939453 0.301091 0.7667 0.077381 0.104167
3 0.939941 0.268973 0.529762 0.0984623 0.132275
1 0.942871 0.650918 0.313823 0.0920139 0.115741
2 0.942871 0.6281 0.549934 0.0761409 0.105159
1 0.944336 0.554688 0.409557 0.0860615 0.111442
1 0.944336 0.443948 0.498843 0.0882936 0.117394
1 0.950195 0.385169 0.737269 0.0863095 0.120701
1 0.952148 0.472098 0.767196 0.093006 0.124339
1 0.953613 0.225198 0.678075 0.0947421 0.124008
1 0.953613 0.567336 0.623677 0.0890377 0.115079
1 0.955566 0.344246 0.452877 0.0887897 0.119378
1 0.964844 0.622272 0.715608 0.093254 0.112434
