0 0.870117 0.802331 0.345073 0.0992064 0.126653
1 0.876953 0.556424 0.630456 0.102431 0.129299
1 0.881836 0.263765 0.527943 0.0855655 0.104167
0 0.890625 0.518725 0.731481 0.0746528 0.0978836
0 0.893066 0.377108 0.524471 0.078621 0.098545
0 0.911133 0.517981 0.521825 0.0761409 0.0952381
0 0.914062 0.247024 0.626819 0.0763889 0.0975529
1 0.916992 0.633557 0.704696 0.0964782 0.125
1 0.919922 0.657366 0.299603 0.0994544 0.125
0 0.921387 0.541791 0.173446 0.0746528 0.0975529
0 0.92334 0.416171 0.628472 0.0753968 0.0968915
0 0.925293 0.253968 0.314649 0.0753968 0.0955688
1 0.936523 0.487103 0.251323 0.0952381 0.122354
1 0.937012 0.600198 0.514881 0.0887897 0.117725
2 0.94043 0.324405 0.276455 0.0813492 0.108466
3 0.941406 0.291295 0.416336 0.106895 0.130952
1 0.947266 0.46937 0.409888 0.0925099 0.120701
2 0.949707 0.68626 0.506779 0.0838294 0.108796
1 0.950195 0.561508 0.407242 0.0972222 0.124008
1 0.958496 0.407614 0.308201 0.094494 0.119709
1 0.959473 0.339782 0.622355 0.0853175 0.10582
