2 0.567383 0.397073 0.762731 0.0699405 0.0962302
0 0.718262 0.335689 0.601025 0.0696925 0.0896164
1 0.729004 0.467386 0.621362 0.0721726 0.100529
0 0.844727 0.557416 0.393022 0.0706845 0.0869709
0 0.890137 0.331969 0.810351 0.0701885 0.0896164
0 0.89502 0.751984 0.684689 0.0828373 0.108796
0 0.899902 0.310888 0.460979 0.0696925 0.0853175
0 0.900879 0.489831 0.773148 0.0699405 0.0952381
3 0.909668 0.580853 0.495536 0.094246 0.121362
0 0.912109 0.65625 0.604993 0.0704365 0.0896164
2 0.913086 0.454489 0.400298 0.0672123 0.0882936
0 0.914551 0.507564 0.453704 0.0672123 0.0892857
0 0.918457 0.622892 0.343585 0.0706845 0.0886243
2 0.922363 0.28125 0.54084 0.0768849 0.0916005
0 0.934082 0.521081 0.696925 0.0699405 0.0896164
3 0.939453 0.31436 0.706515 0.093998 0.116733
1 0.941406 0.244172 0.636243 0.0875496 0.115079
2 0.941895 0.385169 0.417493 0.0753968 0.0968915
1 0.944824 0.315848 0.360615 0.0895337 0.114087
1 0.945312 0.543031 0.599537 0.0835814 0.107804
1 0.947754 0.393973 0.531746 0.0910218 0.117725
1 0.952637 0.669643 0.501323 0.0873016 0.117063
2 0.952637 0.419147 0.314153 0.0753968 0.103836
1 0.955078 0.569692 0.270668 0.0882936 0.117394
1 0.95752 0.498264 0.317956 0.0808532 0.113426
1 0.959473 0.395709 0.659557 0.0835814 0.114087
