0 0.780273 0.200397 0.580522 0.0744048 0.0988757
2 0.854492 0.473586 0.693452 0.0801091 0.102513
0 0.856934 0.33755 0.555721 0.0763889 0.099537
2 0.860352 0.326389 0.456019 0.0768849 0.098545
2 0.869141 0.299975 0.716435 0.0850694 0.112103
2 0.911621 0.258185 0.502149 0.0858135 0.106812
0 0.918457 0.418403 0.770337 0.0808532 0.104828
0 0.921875 0.192336 0.722057 0.0761409 0.104167
0 0.925781 0.792163 0.64666 0.0843254 0.104167
3 0.92627 0.257564 0.326389 0.108383 0.138889
3 0.926758 0.56994 0.440476 0.108631 0.138228
0 0.931152 0.489211 0.596065 0.078125 0.099537
0 0.931641 0.743924 0.335152 0.0840774 0.104167
1 0.936523 0.654266 0.528108 0.103175 0.132275
1 0.942383 0.394965 0.647321 0.100446 0.131283
1 0.944336 0.560764 0.684689 0.102679 0.133929
1 0.946777 0.440848 0.501323 0.100446 0.126984
1 0.948242 0.763517 0.529927 0.111359 0.133929
2 0.951172 0.576141 0.277282 0.0863095 0.114087
1 0.954102 0.68006 0.66121 0.108631 0.138558
1 0.959961 0.272941 0.611442 0.0796131 0.105159
1 0.960938 0.478919 0.379134 0.0987103 0.128638
1 0.961914 0.375 0.36541 0.101687 0.127646
