1 0.831543 0.482639 0.779431 0.106151 0.147487
0 0.895508 0.314608 0.293485 0.0766369 0.104167
1 0.897461 0.690104 0.75496 0.104911 0.142857
0 0.913086 0.489459 0.39203 0.078621 0.105489
0 0.915039 0.38244 0.633598 0.0828373 0.113095
0 0.925293 0.484375 0.622685 0.0803571 0.11045
0 0.925781 0.579489 0.621362 0.0801091 0.107143
1 0.92627 0.675595 0.237599 0.108135 0.131944
3 0.929688 0.571057 0.231481 0.109375 0.145503
0 0.930176 0.839038 0.332672 0.077381 0.10119
0 0.931641 0.346726 0.740079 0.0818452 0.112434
1 0.933594 0.3781 0.343419 0.0801091 0.100198
2 0.93457 0.643973 0.352679 0.0855655 0.114087
3 0.937012 0.725694 0.508267 0.109623 0.144841
3 0.938477 0.289435 0.461971 0.111111 0.146825
0 0.94043 0.56622 0.417659 0.077381 0.103836
1 0.940918 0.622272 0.503142 0.100694 0.129299
0 0.940918 0.773686 0.263558 0.0801091 0.0998677
1 0.941406 0.407614 0.444114 0.0855655 0.109788
2 0.943359 0.244296 0.34375 0.0902778 0.11078
1 0.943359 0.667783 0.622355 0.104415 0.130291
1 0.956055 0.753472 0.37996 0.103175 0.131614
