1 0.861328 0.620288 0.698743 0.108631 0.147487
1 0.886719 0.485491 0.314815 0.101935 0.134921
2 0.896973 0.430432 0.550761 0.111359 0.147817
0 0.899414 0.522445 0.462467 0.100446 0.138558
0 0.901855 0.412946 0.83912 0.104663 0.138558
2 0.905762 0.614831 0.393353 0.105159 0.13459
3 0.934082 0.494916 0.699735 0.138641 0.193122
0 0.936523 0.390997 0.261243 0.103423 0.137566
1 0.943848 0.581473 0.253307 0.111359 0.150794
1 0.944824 0.31064 0.524306 0.136161 0.179563
1 0.946777 0.361483 0.684855 0.131696 0.171296
0 0.947266 0.267609 0.376488 0.107639 0.138558
1 0.947266 0.641989 0.543155 0.135665 0.170304
