1 0.686035 0.248636 0.493221 0.0979663 0.119378
2 0.844727 0.379216 0.434358 0.0907738 0.106151
0 0.848145 0.521825 0.617229 0.0882936 0.116733
0 0.892578 0.610739 0.209987 0.0875496 0.111111
2 0.90332 0.333829 0.809193 0.100198 0.134921
0 0.916016 0.211558 0.601852 0.0892857 0.115079
0 0.919434 0.252356 0.75 0.0890377 0.121693
0 0.927246 0.426711 0.818452 0.094494 0.126984
0 0.928711 0.747396 0.39203 0.0964782 0.111442
0 0.928711 0.625992 0.660218 0.0952381 0.124008
0 0.928711 0.367808 0.542659 0.0917659 0.117725
1 0.932129 0.43378 0.676753 0.11756 0.155754
3 0.936523 0.254836 0.352513 0.120288 0.152778
1 0.937012 0.688492 0.798942 0.124504 0.15873
3 0.937988 0.59313 0.373512 0.124256 0.154431
2 0.944336 0.533606 0.260417 0.0969742 0.122685
1 0.945801 0.727555 0.618221 0.122272 0.155754
1 0.945801 0.68564 0.28869 0.115327 0.144841
1 0.946289 0.466394 0.354167 0.110863 0.141534
1 0.950195 0.489459 0.491567 0.114831 0.141865
1 0.95166 0.365203 0.311012 0.110863 0.137235
1 0.953613 0.601562 0.527116 0.1188 0.147487
1 0.969727 0.297619 0.637235 0.0992064 0.132275
