2 0.661621 0.370908 0.680225 0.0756448 0.098545
0 0.743652 0.441964 0.906746 0.0719246 0.0925926
0 0.817871 0.535342 0.410714 0.0687004 0.0906085
2 0.840332 0.775794 0.669808 0.0749008 0.0968915
2 0.85498 0.674975 0.589616 0.0835814 0.102513
1 0.86377 0.622272 0.531746 0.0644841 0.093254
0 0.882812 0.476935 0.619048 0.0714286 0.093254
1 0.914062 0.519345 0.529431 0.0863095 0.117725
0 0.921387 0.44494 0.162698 0.0753968 0.0992064
0 0.922852 0.322545 0.483466 0.0716766 0.0912698
3 0.929688 0.628348 0.8125 0.0925099 0.130291
0 0.929688 0.411582 0.7667 0.0652282 0.094246
3 0.931152 0.654638 0.432044 0.094494 0.125331
2 0.936035 0.598462 0.704696 0.0768849 0.100529
0 0.9375 0.800223 0.575728 0.0746528 0.0958995
2 0.938477 0.37748 0.851521 0.0763889 0.103175
1 0.938477 0.396825 0.287533 0.0917659 0.121362
1 0.941895 0.412698 0.528108 0.0902778 0.12037
0 0.942871 0.604663 0.229497 0.0694444 0.0919312
2 0.943848 0.469742 0.818948 0.0749008 0.101521
1 0.946289 0.681672 0.303902 0.0890377 0.111772
1 0.946777 0.231027 0.32705 0.0910218 0.12037
2 0.949219 0.316592 0.607308 0.0677083 0.094246
1 0.950195 0.602927 0.321098 0.0694444 0.0939153
1 0.950195 0.219122 0.773644 0.0910218 0.116733
1 0.950195 0.684276 0.700231 0.0907738 0.116733
1 0.95166 0.307788 0.744544 0.0833333 0.116071
1 0.95166 0.74256 0.478175 0.0868056 0.117725
1 0.957031 0.232391 0.639385 0.0952381 0.121362
0 0.957031 0.320064 0.327216 0.0706845 0.0962302
