1 0.849609 0.254216 0.668485 0.113095 0.150463
0 0.866699 0.607639 0.671131 0.0877976 0.119378
0 0.89502 0.289435 0.459656 0.10119 0.130291
1 0.90918 0.360739 0.70205 0.0964782 0.130291
0 0.919434 0.631448 0.801257 0.0922619 0.12037
1 0.92041 0.619544 0.34838 0.094246 0.121362
0 0.924316 0.651786 0.453373 0.0902778 0.112434
0 0.924805 0.376364 0.457837 0.0875496 0.108135
0 0.931152 0.191964 0.523975 0.0882936 0.119378
0 0.931641 0.765625 0.426257 0.0922619 0.12037
1 0.932129 0.546255 0.25248 0.111359 0.146495
3 0.934082 0.460193 0.340608 0.114831 0.154762
0 0.934082 0.365451 0.570106 0.0875496 0.115079
1 0.936035 0.703993 0.648644 0.115327 0.153108
1 0.940918 0.467138 0.708664 0.111359 0.149471
0 0.941895 0.532986 0.611772 0.0863095 0.115079
1 0.941895 0.449405 0.584656 0.0848214 0.107143
0 0.941895 0.286582 0.313492 0.0890377 0.115079
1 0.942383 0.455481 0.474702 0.0840774 0.110119
0 0.942871 0.362599 0.352348 0.0868056 0.11078
1 0.954102 0.331969 0.20453 0.0974702 0.125992
1 0.955078 0.545883 0.431382 0.108135 0.140542
