1 0.665039 0.677579 0.779927 0.0699405 0.094246
1 0.718262 0.499628 0.473876 0.0706845 0.100529
0 0.73291 0.566964 0.491402 0.0699405 0.0899471
3 0.847168 0.55878 0.378472 0.0882936 0.122685
2 0.866699 0.471106 0.381448 0.077629 0.0968915
2 0.884766 0.632812 0.440642 0.078125 0.0922619
0 0.896484 0.706721 0.450231 0.0716766 0.0949074
1 0.900879 0.777158 0.479167 0.078621 0.10582
2 0.907227 0.633433 0.66088 0.0679564 0.0968915
0 0.910156 0.314732 0.442626 0.0724206 0.0968915
1 0.910156 0.477927 0.561508 0.0684524 0.0958995
2 0.925781 0.72557 0.56713 0.078621 0.105159
1 0.936523 0.636905 0.339451 0.0739087 0.099537
3 0.940918 0.397817 0.600198 0.0972222 0.132275
2 0.940918 0.328125 0.532242 0.0768849 0.0922619
1 0.941895 0.369916 0.36045 0.0855655 0.117725
1 0.944824 0.714038 0.679729 0.0922619 0.118717
1 0.94873 0.416047 0.47371 0.093006 0.120701
2 0.94873 0.46813 0.658895 0.0726686 0.0922619
1 0.950195 0.596478 0.806548 0.09375 0.123016
1 0.950195 0.438244 0.276951 0.0902778 0.113426
1 0.951172 0.551711 0.697917 0.094494 0.127976
1 0.953613 0.239707 0.491402 0.093006 0.122354
2 0.955566 0.403894 0.746858 0.0801091 0.106151
1 0.958984 0.641245 0.549769 0.093006 0.116071
1 0.960938 0.317336 0.72371 0.0964782 0.126653
