3 0.637695 0.147941 0.711806 0.077629 0.104167
0 0.661133 0.216394 0.611442 0.078125 0.10119
0 0.673828 0.148686 0.566634 0.0801091 0.108796
2 0.758301 0.402902 0.369709 0.0855655 0.106481
0 0.795898 0.748636 0.370866 0.0885417 0.114087
2 0.897949 0.817212 0.703869 0.0868056 0.118717
0 0.90625 0.473586 0.331019 0.0761409 0.10119
0 0.910156 0.207837 0.307705 0.0763889 0.101521
0 0.911133 0.832961 0.452877 0.0761409 0.103505
0 0.913086 0.374256 0.27166 0.0768849 0.102183
2 0.914551 0.502356 0.636739 0.078621 0.102183
0 0.922852 0.617188 0.530258 0.077629 0.099537
0 0.927734 0.621528 0.36541 0.078869 0.0965608
2 0.932129 0.478919 0.78125 0.0863095 0.118717
3 0.933105 0.242063 0.742725 0.110119 0.146825
3 0.933105 0.560516 0.279266 0.108631 0.137235
0 0.934082 0.459573 0.437831 0.077381 0.0992064
3 0.935059 0.296999 0.32672 0.108879 0.138228
1 0.937988 0.673363 0.75 0.100198 0.136905
2 0.943848 0.541047 0.523479 0.0815972 0.105159
1 0.944824 0.262153 0.512235 0.104663 0.130291
1 0.944824 0.705109 0.607308 0.0882936 0.113426
1 0.945312 0.543155 0.409226 0.0997024 0.12004
0 0.945312 0.466394 0.544808 0.078621 0.0975529
1 0.947266 0.761533 0.509094 0.100446 0.124008
1 0.949707 0.379092 0.570106 0.103919 0.130291
1 0.950684 0.676215 0.453208 0.0999504 0.128638
1 0.951172 0.580605 0.708333 0.0992064 0.137566
1 0.959473 0.410714 0.696925 0.10119 0.133267
1 0.961426 0.367188 0.825231 0.101438 0.136574
