1 0.771484 0.272073 0.499669 0.0887897 0.117725
1 0.848633 0.594122 0.579365 0.0840774 0.100529
0 0.873535 0.591022 0.687831 0.0803571 0.107804
0 0.894043 0.46937 0.397321 0.0801091 0.10086
1 0.905762 0.457217 0.298942 0.0796131 0.100529
0 0.911133 0.315228 0.397156 0.0828373 0.10582
2 0.91748 0.668527 0.647321 0.0870536 0.121362
0 0.91748 0.390625 0.34127 0.0833333 0.10582
1 0.920898 0.617436 0.291005 0.0855655 0.11045
0 0.923828 0.34933 0.539352 0.0801091 0.107804
0 0.935059 0.649802 0.389881 0.0793651 0.102513
1 0.938965 0.501116 0.71875 0.103919 0.146495
0 0.938965 0.559524 0.490575 0.078869 0.0988757
1 0.941406 0.700397 0.244544 0.104663 0.132606
1 0.941406 0.665923 0.502315 0.105655 0.134259
1 0.942383 0.394965 0.2333 0.0875496 0.11078
3 0.943359 0.538442 0.230159 0.108135 0.147487
0 0.949219 0.766245 0.437335 0.0855655 0.11078
0 0.949219 0.386285 0.444279 0.0801091 0.106812
1 0.952148 0.457589 0.576554 0.106647 0.143849
1 0.960449 0.556052 0.375165 0.0997024 0.12004
