1 0.820801 0.770337 0.650794 0.100694 0.132937
1 0.866211 0.173611 0.284557 0.0952381 0.122685
0 0.911133 0.519717 0.415509 0.078125 0.0949074
1 0.913574 0.612723 0.372189 0.0875496 0.109458
0 0.91748 0.698909 0.41336 0.0818452 0.106481
0 0.917969 0.607391 0.597388 0.0753968 0.0988757
0 0.918945 0.286706 0.789848 0.0808532 0.108796
0 0.923828 0.744544 0.534888 0.078869 0.104828
1 0.925293 0.374628 0.543981 0.101935 0.132275
0 0.92627 0.415427 0.21875 0.0758929 0.101521
1 0.929688 0.183532 0.431217 0.078373 0.0978836
1 0.931152 0.525546 0.261078 0.0972222 0.129299
0 0.931641 0.491567 0.678902 0.0793651 0.107143
1 0.932129 0.265625 0.630952 0.104167 0.134921
3 0.932617 0.157614 0.544312 0.112351 0.146825
0 0.932617 0.447297 0.444775 0.0706845 0.093254
0 0.933105 0.422867 0.75496 0.0803571 0.108466
0 0.935547 0.219246 0.740079 0.077877 0.103175
1 0.937988 0.417783 0.647652 0.0830853 0.109458
0 0.938965 0.680184 0.674438 0.0880456 0.116071
1 0.942383 0.368304 0.395337 0.0828373 0.108796
2 0.943359 0.342882 0.256118 0.0860615 0.112103
3 0.944824 0.537078 0.526786 0.103919 0.137566
1 0.945312 0.266865 0.399306 0.100198 0.12996
1 0.947754 0.442832 0.33416 0.0964782 0.121362
1 0.959961 0.630704 0.490906 0.10119 0.125331
