2 0.310764 0.255126 0.082837 0.111442
2 0.314236 0.481481 0.085317 0.113757
2 0.288194 0.731978 0.093750 0.120701
2 0.632688 0.428241 0.086806 0.121032
1 0.663814 0.553241 0.108383 0.135582
1 0.571181 0.336144 0.104663 0.143849
1 0.536706 0.483962 0.102183 0.137235
0 0.709945 0.770833 0.089038 0.117725
0 0.732391 0.465774 0.084325 0.109458
0 0.440972 0.696429 0.081349 0.115741
0 0.428075 0.497354 0.085317 0.110450
0 0.378472 0.412037 0.072917 0.101190
0 0.308408 0.366071 0.079613 0.108466
0 0.275050 0.580026 0.081349 0.108466
3 0.466146 0.364583 0.109871 0.151124
3 0.603671 0.673611 0.117063 0.154762
1 0.361111 0.638393 0.104663 0.142526
