0 0.224702 0.293816 0.081349 0.104167
0 0.517733 0.270503 0.075149 0.101190
0 0.797123 0.556382 0.075893 0.100198
0 0.670015 0.565146 0.079117 0.103175
0 0.475818 0.472553 0.076637 0.102513
0 0.530506 0.541832 0.071429 0.102183
0 0.442460 0.700066 0.076885 0.106481
0 0.595610 0.706184 0.077629 0.104167
2 0.721478 0.286541 0.081349 0.114749
2 0.595610 0.599206 0.082093 0.111772
2 0.335193 0.537698 0.083581 0.110450
2 0.438988 0.241733 0.082341 0.113757
2 0.463790 0.368221 0.086806 0.110780
2 0.342014 0.418816 0.086806 0.110780
1 0.522693 0.769676 0.100942 0.136574
1 0.349082 0.659061 0.103919 0.132275
1 0.220486 0.654597 0.102183 0.133267
1 0.359623 0.300099 0.095238 0.133267
1 0.565724 0.370866 0.095238 0.125992
1 0.645461 0.447917 0.098462 0.131283
1 0.754464 0.448413 0.100694 0.132275
1 0.435516 0.574901 0.096726 0.135251
3 0.230903 0.473049 0.109127 0.144511
3 0.685020 0.688657 0.106151 0.145833
