0 0.406002 0.163029 0.067460 0.084656
0 0.538938 0.287037 0.064980 0.084656
0 0.732391 0.557870 0.065972 0.086640
0 0.550595 0.367725 0.064980 0.082672
0 0.489831 0.396164 0.065972 0.085979
0 0.490451 0.481978 0.062748 0.085648
0 0.418031 0.617394 0.065228 0.089947
0 0.372768 0.676587 0.065972 0.082672
0 0.335938 0.844577 0.066716 0.089947
0 0.270089 0.512401 0.064980 0.086971
0 0.271577 0.426091 0.064980 0.089616
0 0.285590 0.311508 0.066716 0.089947
1 0.622644 0.301587 0.083581 0.113757
1 0.676835 0.466270 0.086806 0.108466
1 0.486607 0.584821 0.081349 0.109458
1 0.425471 0.513889 0.084573 0.108466
1 0.340278 0.458664 0.081349 0.115741
1 0.359623 0.276786 0.082837 0.111772
1 0.203001 0.306217 0.084573 0.110450
1 0.200273 0.558862 0.082093 0.111772
1 0.220362 0.679233 0.082093 0.110450
1 0.306796 0.635913 0.082837 0.110450
1 0.425099 0.854332 0.083829 0.109458
2 0.705977 0.645172 0.072173 0.093915
2 0.619668 0.544974 0.069692 0.095899
2 0.358879 0.559358 0.067460 0.094246
2 0.293279 0.776455 0.072669 0.089947
2 0.395709 0.759921 0.068204 0.089947
2 0.449777 0.701554 0.069692 0.092923
3 0.525422 0.760417 0.092014 0.124008
3 0.566964 0.466931 0.086806 0.117725
3 0.413814 0.401290 0.089038 0.122685
