1 0.172867 0.281415 0.093750 0.123016
1 0.266121 0.401290 0.096230 0.122685
1 0.523438 0.261905 0.093006 0.123016
1 0.632316 0.492229 0.096974 0.122685
1 0.770833 0.651455 0.099206 0.126984
1 0.442088 0.335152 0.093006 0.122685
1 0.373512 0.543485 0.090774 0.125992
1 0.264261 0.627976 0.099950 0.132275
2 0.342510 0.256118 0.079861 0.103505
2 0.609995 0.375000 0.075149 0.103175
2 0.366567 0.396660 0.081349 0.107474
2 0.679191 0.673446 0.080605 0.107474
2 0.418031 0.651951 0.080605 0.107474
0 0.284350 0.788856 0.073661 0.100198
0 0.218874 0.739749 0.077629 0.101190
0 0.421999 0.752149 0.077629 0.101521
0 0.489707 0.679398 0.072173 0.100198
0 0.606771 0.597222 0.072173 0.097222
0 0.744668 0.535053 0.075149 0.097222
0 0.700149 0.414683 0.075893 0.093915
0 0.447049 0.444279 0.073661 0.092923
0 0.518477 0.413690 0.070685 0.097884
0 0.413442 0.218915 0.074405 0.101190
0 0.181300 0.431878 0.073413 0.097222
3 0.156498 0.545470 0.103175 0.140542
3 0.536706 0.529431 0.097718 0.135582
