0 0.276538 0.390377 0.067460 0.092923
0 0.411086 0.311508 0.071181 0.091931
0 0.409970 0.403935 0.067460 0.090939
0 0.492560 0.271164 0.072917 0.093915
0 0.483135 0.362103 0.064980 0.091931
0 0.723462 0.394511 0.074405 0.097222
0 0.706845 0.519180 0.070437 0.093915
0 0.485119 0.668485 0.070437 0.092923
0 0.349454 0.562500 0.067460 0.091931
0 0.315848 0.644180 0.069692 0.093915
2 0.547991 0.514550 0.073661 0.099206
2 0.627728 0.549603 0.075397 0.097222
2 0.745536 0.675595 0.078373 0.097222
2 0.674231 0.634259 0.078125 0.103175
2 0.410342 0.623843 0.077629 0.107474
2 0.302703 0.769180 0.080605 0.102513
1 0.571553 0.252480 0.088542 0.122685
1 0.652902 0.312500 0.093006 0.121032
1 0.554191 0.409557 0.087550 0.118717
1 0.442460 0.499008 0.089286 0.117725
1 0.340154 0.454365 0.090526 0.115741
1 0.223958 0.680225 0.089286 0.121032
1 0.383929 0.739749 0.088294 0.119709
1 0.472346 0.770172 0.090030 0.119048
1 0.621900 0.717593 0.088542 0.121032
1 0.566220 0.623512 0.086806 0.118717
3 0.646329 0.436839 0.093750 0.130291
3 0.593998 0.835813 0.100694 0.129960
3 0.269221 0.532077 0.102431 0.130291
