0 0.298611 0.317626 0.074405 0.096230
0 0.413070 0.281911 0.073661 0.094907
0 0.519593 0.301091 0.069940 0.094246
0 0.695561 0.416832 0.077629 0.094246
0 0.651662 0.490741 0.075149 0.099206
0 0.524306 0.409061 0.074405 0.095238
0 0.500992 0.542328 0.071429 0.097222
0 0.608383 0.576389 0.076885 0.099206
0 0.428447 0.659061 0.075149 0.103175
0 0.358755 0.620866 0.075149 0.101521
0 0.252232 0.704034 0.077381 0.108466
1 0.608755 0.387401 0.094494 0.122024
1 0.775422 0.523313 0.095982 0.129299
1 0.512153 0.654927 0.093750 0.127976
1 0.343378 0.509425 0.098462 0.124008
1 0.437376 0.472553 0.094494 0.121032
2 0.455977 0.361938 0.079117 0.102183
2 0.721478 0.684524 0.082837 0.110450
2 0.567212 0.491733 0.079861 0.105159
1 0.605655 0.696429 0.097718 0.134259
3 0.452629 0.777447 0.106151 0.145503
3 0.626612 0.259755 0.102431 0.133267
3 0.366195 0.384259 0.103919 0.136243
