2 0.244420 0.346065 0.082093 0.109458
2 0.406002 0.442626 0.081349 0.104167
2 0.643229 0.351687 0.083085 0.106151
1 0.753720 0.382771 0.097718 0.129299
1 0.674727 0.238426 0.093006 0.130291
1 0.622272 0.502149 0.095238 0.124008
1 0.667659 0.623512 0.100694 0.129299
1 0.686260 0.753142 0.108631 0.136574
1 0.480531 0.777447 0.101438 0.137566
0 0.313120 0.292328 0.073661 0.099206
0 0.377356 0.346561 0.076637 0.095899
0 0.487475 0.390542 0.076637 0.099206
0 0.564236 0.415840 0.078373 0.100198
0 0.772693 0.264385 0.076637 0.101521
0 0.838542 0.331019 0.075397 0.095899
0 0.578497 0.620370 0.076141 0.106481
0 0.483135 0.622520 0.075893 0.102183
0 0.381572 0.633267 0.079117 0.105159
0 0.345114 0.738757 0.080605 0.111772
3 0.572669 0.229828 0.103175 0.137566
3 0.725446 0.509755 0.107639 0.143849
3 0.289062 0.462798 0.107887 0.142526
