0 0.205729 0.307705 0.072669 0.094907
0 0.372396 0.270007 0.077629 0.096230
0 0.469618 0.327877 0.072173 0.098214
0 0.619916 0.365079 0.076637 0.091931
0 0.831597 0.454530 0.078373 0.101521
0 0.457961 0.438492 0.075149 0.093915
0 0.464534 0.544312 0.074405 0.099206
0 0.616195 0.531581 0.075149 0.098214
0 0.499876 0.630787 0.073661 0.100198
0 0.216890 0.612765 0.076637 0.099206
0 0.147569 0.565146 0.075893 0.101190
0 0.147569 0.712798 0.074405 0.107474
1 0.260293 0.514385 0.096974 0.125992
1 0.378968 0.574405 0.096726 0.126323
1 0.412326 0.698413 0.101438 0.126323
1 0.366815 0.824901 0.099206 0.131283
1 0.577753 0.710813 0.094494 0.134590
1 0.671875 0.750992 0.096726 0.134259
1 0.762897 0.510913 0.097718 0.125000
1 0.675099 0.454034 0.092262 0.128968
1 0.543155 0.407903 0.092262 0.125992
2 0.747892 0.371197 0.084573 0.114749
2 0.816468 0.704200 0.083829 0.114749
2 0.704489 0.607970 0.083085 0.112765
2 0.401414 0.369709 0.081597 0.103175
2 0.477059 0.780589 0.082093 0.112765
2 0.538938 0.524802 0.077381 0.103175
3 0.292907 0.327877 0.100198 0.135251
3 0.560268 0.278770 0.104663 0.136243
3 0.241443 0.744874 0.105407 0.144511
