2 0.171131 0.337302 0.081349 0.106481
2 0.527406 0.382606 0.080605 0.110450
2 0.256448 0.678241 0.081349 0.112434
0 0.280134 0.370701 0.076141 0.097222
0 0.225570 0.437335 0.073661 0.098214
0 0.274306 0.518519 0.079861 0.103175
0 0.336806 0.599702 0.074405 0.100198
0 0.386409 0.521660 0.074405 0.096892
0 0.444444 0.596726 0.077381 0.100198
0 0.762277 0.430225 0.082093 0.102513
0 0.730407 0.522321 0.075893 0.098214
0 0.666047 0.597718 0.079117 0.102183
0 0.568824 0.756283 0.075149 0.111772
2 0.867188 0.698909 0.087550 0.120701
1 0.801711 0.599702 0.100942 0.135251
1 0.504216 0.844081 0.099206 0.138558
1 0.391369 0.762897 0.096726 0.139550
1 0.449405 0.446759 0.095238 0.128968
1 0.637401 0.348710 0.103671 0.131283
3 0.495536 0.270007 0.102183 0.137235
0 0.301835 0.763889 0.075893 0.108466
