3 0.256076 0.354332 0.117808 0.155093
3 0.588666 0.373843 0.117808 0.159061
1 0.687004 0.292163 0.114583 0.142526
1 0.729291 0.620866 0.120288 0.155093
1 0.601066 0.528935 0.116319 0.146495
1 0.686632 0.796627 0.118800 0.161376
1 0.488591 0.492229 0.113095 0.141865
1 0.362971 0.311343 0.106895 0.137235
1 0.466518 0.352183 0.112599 0.144841
1 0.432416 0.679729 0.115327 0.153108
2 0.249132 0.493882 0.095982 0.124008
2 0.298363 0.638393 0.096726 0.127976
2 0.330853 0.806878 0.096726 0.138228
2 0.532490 0.261243 0.093750 0.115741
0 0.608631 0.208995 0.086806 0.108466
0 0.745536 0.390377 0.087798 0.111442
0 0.520709 0.614749 0.089038 0.113757
0 0.626240 0.659722 0.090774 0.121032
0 0.423487 0.817295 0.093006 0.125992
0 0.252232 0.747520 0.085317 0.120701
0 0.210813 0.602844 0.082837 0.112434
0 0.366443 0.544808 0.087550 0.114749
0 0.378100 0.432705 0.089038 0.107474
