1 0.315352 0.361938 0.089038 0.112765
1 0.498760 0.318618 0.085317 0.112765
1 0.571925 0.270999 0.085813 0.112765
1 0.669147 0.500000 0.085317 0.115741
1 0.540551 0.600694 0.080605 0.112765
1 0.395213 0.661706 0.083085 0.110450
1 0.244916 0.631779 0.089038 0.116733
1 0.392609 0.529431 0.086806 0.112434
2 0.419271 0.315146 0.072173 0.099206
2 0.385541 0.416832 0.071181 0.096230
2 0.282490 0.542989 0.071429 0.091931
2 0.467262 0.619874 0.071925 0.096892
2 0.749752 0.683862 0.072917 0.097222
0 0.621528 0.342262 0.065972 0.091931
0 0.553323 0.394015 0.067460 0.085648
0 0.504836 0.453042 0.065228 0.087963
0 0.453373 0.398644 0.065972 0.086971
0 0.310764 0.460813 0.070437 0.090939
0 0.335193 0.600694 0.065228 0.087632
0 0.331225 0.808366 0.066716 0.085648
0 0.396453 0.761409 0.068204 0.086971
0 0.486979 0.772321 0.066716 0.087632
0 0.521577 0.697421 0.065972 0.086640
2 0.468006 0.620866 0.070437 0.096892
0 0.654018 0.603836 0.067460 0.087963
3 0.312624 0.707176 0.093006 0.120701
3 0.581225 0.494874 0.092014 0.120040
