2 0.335938 0.207507 0.088542 0.122024
2 0.287450 0.462302 0.089286 0.123016
2 0.617312 0.348049 0.086806 0.113426
2 0.357267 0.704530 0.086062 0.124008
0 0.649058 0.453869 0.083829 0.114749
0 0.763641 0.427083 0.086806 0.114749
0 0.631944 0.801091 0.083829 0.116733
0 0.606399 0.672123 0.085317 0.116733
0 0.531622 0.612599 0.081597 0.111442
0 0.447917 0.582672 0.082837 0.111772
0 0.455605 0.473049 0.078373 0.107474
0 0.363095 0.567130 0.083829 0.111772
0 0.376612 0.458003 0.083085 0.108466
0 0.362227 0.352183 0.082093 0.111772
0 0.286334 0.311012 0.082093 0.107474
0 0.189732 0.524306 0.079861 0.110780
1 0.546379 0.254134 0.104663 0.138558
1 0.546007 0.435847 0.106895 0.136243
1 0.704117 0.651786 0.111607 0.146825
1 0.465774 0.709656 0.107639 0.148810
1 0.252232 0.670470 0.110119 0.146495
3 0.457589 0.343419 0.110119 0.149802
