0 0.254092 0.312996 0.072173 0.092923
0 0.247892 0.627646 0.072173 0.091931
0 0.377356 0.521660 0.075149 0.096892
0 0.414931 0.630291 0.071429 0.101190
0 0.519221 0.729332 0.073661 0.092923
0 0.517609 0.518022 0.078373 0.098214
0 0.540923 0.171958 0.071925 0.091931
1 0.658730 0.299438 0.095238 0.122024
1 0.801711 0.346065 0.095982 0.122024
2 0.684276 0.508267 0.078373 0.109788
1 0.630084 0.704696 0.090526 0.132275
1 0.598710 0.516534 0.088294 0.121693
1 0.559152 0.407407 0.091518 0.125000
1 0.483631 0.250827 0.092262 0.125992
1 0.405630 0.308201 0.093006 0.123016
1 0.467262 0.409061 0.090774 0.121693
2 0.322049 0.276290 0.079117 0.100198
2 0.263393 0.529927 0.081349 0.101521
2 0.340278 0.622354 0.079861 0.108466
3 0.556052 0.626984 0.099206 0.130291
3 0.291047 0.415675 0.106895 0.125000
