1 0.301463 0.357308 0.110863 0.144511
1 0.504836 0.290179 0.106895 0.140542
1 0.406374 0.349041 0.103919 0.140542
2 0.609127 0.321594 0.096726 0.116733
3 0.683532 0.473049 0.121528 0.155093
1 0.757937 0.588459 0.112599 0.149802
1 0.648189 0.633267 0.106895 0.144841
1 0.571553 0.527943 0.103919 0.142526
1 0.468006 0.559028 0.106151 0.140542
0 0.550967 0.403439 0.083085 0.108466
0 0.473090 0.435020 0.083581 0.107474
0 0.552083 0.659061 0.085317 0.115741
0 0.521577 0.788360 0.084325 0.119709
0 0.471478 0.690146 0.086806 0.117725
0 0.342510 0.815642 0.087798 0.118717
0 0.243676 0.599206 0.085069 0.111772
1 0.374628 0.484954 0.106895 0.143849
2 0.273562 0.484458 0.089286 0.117725
2 0.432788 0.798611 0.094742 0.130291
2 0.286334 0.721561 0.095982 0.126984
3 0.374380 0.648148 0.123264 0.158069
